5-02.xls 总行数：6392 导入成功！
------------------------------------------------------------------
5-03.xls 总行数：2556 导入成功！
------------------------------------------------------------------
5-06.xls 总行数：4941 导入成功！
------------------------------------------------------------------
5-07.xls 总行数：2027 导入成功！
------------------------------------------------------------------
5-08.xls 总行数：4486 导入成功！
------------------------------------------------------------------
5-09.xls 总行数：465 导入成功！
------------------------------------------------------------------
5-10.xls 总行数：13671 导入成功！
------------------------------------------------------------------
5-11.xls 总行数：4842 导入成功！
------------------------------------------------------------------
5-14.xls 总行数：6568 导入成功！
------------------------------------------------------------------
5-15.xls 总行数：4554
重复数：1
------------------------------------------------------------------
5-16.xls 总行数：1233
重复数：1
------------------------------------------------------------------
5-17.xls 总行数：11915 导入成功！
------------------------------------------------------------------
5-20.xls 总行数：2024 导入成功！
------------------------------------------------------------------
5-21.xls 总行数：7892 导入成功！
------------------------------------------------------------------
5-22.xls 总行数：5608 导入成功！
------------------------------------------------------------------
5-23.xls 总行数：7795 导入成功！
------------------------------------------------------------------
5-24.xls 总行数：8544 导入成功！
------------------------------------------------------------------
5-27.xls 总行数：13977 导入成功！
------------------------------------------------------------------
5-28.xls 总行数：4364 导入成功！
------------------------------------------------------------------
5-29.xls 总行数：11098 导入成功！
------------------------------------------------------------------
5-29.xlsx 总行数：11098
重复数：10863
缺少数据行：5203,5204,5205,5206,5207,5208,5209,5210,5211,5212,5213,5214,5215,5216,5217,5218,5219,5220,5221,5222,5223,5224,5225,5226,5227,5228,5229,5230,5231,5232,5233,5234,5235,5236,5237,5238,5239,5240,5241,5242,5243,5244,5245,5246,5247,5248,5249,5250,5251,5252,5253,5254,5255,5256,5257,5258,5259,5260,5261,5262,5330,5331,5332,5333,5334,5335,5336,5337,5338,5339,5340,5341,5342,5343,5344,5345,5346,5347,5348,5349,5350,5351,5352,5353,5354,5355,5356,5357,5358,5359,5728,5729,5730,5731,5732,5733,5734,5735,5736,5737,5738,5739,5740,5741,5742,5743,5744,5745,5746,5747,5748,5749,5750,5751,5752,5753,5754,5755,5756,5757,5758,5759,5760,5761,5762,5763,5764,5765,5766,5767,5768,5769,5770,5771,5772,5773,5774,5775,5776,5777,5778,5779,5780,5781,5782,5783,5784,5785,5786,5787,5788,5789,5790,5791,5792,5793,5794,5795,5796,5797,5798,5799,5800,5801,5802,5803,5804,5805,5806,5807,5808,5809,5810,5811,5812,5813,5814,5815,5816,5817,5818,5819,5820,5821,5822,5823,5824,5825,5826,5827,7673,7674,7675,7676,7677,7678,7679,7680,7681,7682,7683,7684,7685,7686,7687,7688,7689,7690,7691,7692,7693,7694,7695,7696,7697,7698,7699,7700,7701,7702,7703,7704,7705,7706,7707,7708,7709,7710,7711,7712,7713,7714,9315,9316,9317,
------------------------------------------------------------------
5-30.xlsx 总行数：7433 导入成功！
------------------------------------------------------------------
5-31.xls 总行数：27032 导入成功！
------------------------------------------------------------------
